$ANSIBLE_VAULT;1.1;AES256
61303534663037653764643638656464333332373763383231663164373830643463626565363565
6436343462336634646433633666626432343466333063310a316332626361653963626461623566
35653361623437356339343038663362633665396639393932376235393866313061306163623961
3239336133353064330a373763656366623734626465316638633332306636363934663238316139
32356666646362663639316130363264356636363039343264356462633262353265346439353165
61613634353034626333666530636634643861636133353431363865666461386563386232386263
31393864346534333466366232383930316333363336333939653362376565346639346233343266
35636333326437393564373532383632373665323432626663646532356139383137613361323639
34636533323337636535636265353034626164613034666631353539323431376434616566633633
65353036613136376131313335336462663238363762656539366134353566336438653766326433
30616466343039656263366566326435356435336337326238623435666566613730643036333930
34626461383332336665326565396163353934356463626161616665646130316261623939613139
66333831623838376634633062356465643333356433353564373462373763393835333932353331
31663065663066633163386332643931303835656631633639623236333133313361363730363763
32623736376135346438613932306338396330656538373339643930363731303732623333396238
32313063353835353631383463653431393838633862343035633333346566313335363461633763
33366537383239303734333864366265353035383735363730653335303830353065396632633764
36343537346162656635373833613065643037643839333439323430643536633539663232366239
35643366383861346465373839666264303761333831306262613733346165343830646465356539
31636234636563323464623461663532303063303863613062313934313766373263666636653362
66333066383966383765396238343037653763653033653864663336356630313635653738626239
32353230323263663339313866613861383764333138396161663564373030616565333561333735
62306465343330333262653639666633383439616239656131633639633839396133643264623731
39373761613238353565
